Hostname: leno
==
.............()
+---+----------+--------+------+------+---------+--------+--------+------+------+
|job|constraint| value  |ms old|ms new|prev cost|new cost|gap-rate|c-rate|m-rate|
+---+----------+--------+------+------+---------+--------+--------+------+------+
|  3| Deadline |   3.864| 3.334| 3.230|       38|   51.82| 0.06250|0.7333|1.1961|
| 15|  Budget  |  67.200| 2.332| 2.332|       56|   54.99| 0.07231|1.2220|1.0000|
|  8|  Budget  | 115.200| 1.646| 1.646|       96|   94.34| 0.14096|1.2211|1.0000|
| 14|  Budget  |  48.000| 3.122| 3.122|       48|   47.84| 0.06474|1.0033|1.0000|
| 21| Deadline |   1.946| 1.684| 1.845|       30|   25.00| 0.17985|1.2000|1.0548|
|  7|  Budget  |  80.000| 2.440| 2.440|       80|   79.87| 0.08671|1.0016|1.0000|
| 13|  Budget  |  72.000| 2.758| 2.758|       72|   46.88| 0.08833|1.5360|1.0000|
| 25| Deadline |   4.217| 4.195| 4.081|       36|   67.70| 0.12189|0.5317|1.0334|
|  2| Deadline |   2.212| 1.912| 1.913|       30|   35.48| 0.14425|0.8455|1.1558|
| 11| Deadline |   1.689| 1.682| 1.610|       25|   32.94| 0.40651|0.7590|1.0488|
|  6| Deadline |   2.970| 2.905| 2.905|       36|   42.52| 0.05488|0.8467|1.0223|
|  5| Deadline |   4.501| 3.883| 4.223|       38|   43.80| 0.03703|0.8677|1.0660|
| 23|  Budget  |  72.000| 1.989| 1.989|       72|   64.07| 0.12049|1.1237|1.0000|
| 12|  Budget  |  67.200| 1.273| 1.273|       56|   45.42| 0.20606|1.4795|1.0000|
|  9| Deadline |   1.216| 1.193| 1.214|      248|  223.32| 0.50541|1.1105|1.0010|
| 18| Deadline |   1.983| 1.963| 1.800|       57|   81.84| 0.17994|0.6965|1.1020|
| 16| Deadline |   2.927| 2.769| 2.720|       55|   57.36| 0.10898|0.9588|1.0763|
| 24|  Budget  |  48.000| 3.137| 3.137|       48|   47.84| 0.06406|1.0034|1.0000|
|  4|  Budget  |  67.200| 2.319| 2.319|       56|   55.31| 0.07322|1.2149|1.0000|
| 29|  Budget  | 230.400| 0.877| 0.877|      192|  134.36| 0.34542|1.7147|1.0000|
| 22|  Budget  |  86.400| 1.987| 1.987|       72|   55.40| 0.14112|1.5595|1.0000|
| 20|  Budget  |  72.000| 0.873| 0.873|       72|   44.14| 0.36166|1.6311|1.0000|
| 27| Deadline |   1.666| 1.655| 1.656|      109|  109.00| 0.30140|1.0000|1.0061|
| 26| Deadline |   2.956| 2.795| 2.894|       55|   59.75| 0.10710|0.9206|1.0212|
| 10| Deadline |   0.699| 0.662| 0.698|       55|   39.85| 0.73637|1.3800|1.0014|
| 17| Deadline |   1.084| 1.080| 0.985|      117|   91.40| 0.44696|1.2801|1.0998|
| 28| Deadline |   1.941| 1.922| 1.811|       57|   84.00| 0.18751|0.6786|1.0721|
| 19| Deadline |   2.473| 2.447| 2.436|       57|   83.58| 0.11094|0.6820|1.0154|
|  0|  Budget  |  78.400| 0.554| 0.554|       56|   36.17| 0.58871|2.1676|1.0000|
|  1| Deadline |   1.046| 1.028| 1.028|       36|   41.00| 0.42054|0.8780|1.0176|
+---+----------+--------+------+------+---------+--------+--------+------+------+
()
Overall Cloud Cost:1978.000
Separate Runs Cost:2055.000

Unfairness: 0.13082
